0.104008
-0.015187
-0.009687
-0.354881
-0.126018
-0.085770
-0.452063
-0.355834
-0.308416
-0.276978
0.133652
0.133652
0.133652
-0.077328
-0.709618
-0.042775
-0.384015
0.180681
0.145129
-0.004020
-0.023025
-0.105283
-0.030796
-0.136624
-0.369254
0.115466
-0.330776
0.020964
-0.051823
-0.019992
0.031854
-0.267771
-0.415678
-0.458356
-0.239891
-0.268515
-0.126257
-0.153432
0.422105
-0.058017
0.136380
-0.282977
0.277747
-0.383821
-0.272750
-0.368317
-0.122784
-0.094334
0.588194
0.812414
-0.035443
0.233592
0.138090
-0.220201
0.481957
-0.104388
-1.899758
-0.138360
-0.299445
-0.153371
0.046450
-0.019664
-0.015507
-0.057075
-0.110797
0.072204
-0.031961
0.070711
-0.204931
-0.253293
0.504170
-0.091164
0.072151
-0.155656
-0.123963
-0.009203
0.111442
-0.072396
-0.615876
0.040314
-0.206741
0.060571
-0.451228
-0.255424
-0.322461
0.099741
0.092831
-0.029525
-0.288076
0.471686
0.079340
-0.176419
0.499490
0.163427
-0.025404
0.096540
-0.077328
-0.385287
-0.190372
-0.013207
-0.305804
-0.125662
-0.068690
-0.342485
-0.030895
-0.047643
-0.466857
-0.121767
-0.050930
-0.121204
-0.183751
-0.101954
0.053526
-0.273876
-0.031961
0.071579
-0.046346
-0.070702
0.144747
-0.185098
0.238951
0.003798
-0.023799
0.021070
-0.403163
-0.321542
0.061120
-0.254862
-1.323123
-1.648519
-0.276040
-0.048891
-0.258792
-0.258792
-0.115369
-0.003153
-0.109221
-0.024040
-0.054742
0.027124
0.099668
-0.155740
-0.180321
-0.145678
-0.150488
-0.259501
-0.132354
-0.438032
-0.362617
0.144813
-0.020861
-0.429111
-0.023513
-0.262815
0.067690
-0.966911
-0.199227
0.374834
0.287469
-0.255539
-0.375127
0.093211
0.045915
0.034783
0.008493
-0.812054
-0.182481
-0.002897
0.222398
0.018889
-0.099923
-0.000055
-0.151286
-0.304488
-0.167508
-0.308393
0.550303
0.206399
-0.198445
-0.217446
-0.265265
0.193045
0.262373
0.111880
0.086843
-0.234578
0.054852
-0.058260
-0.035582
0.270795
-0.600506
-0.068613
0.013920
-0.067617
0.008522
0.014130
0.211038
-0.145248
-0.033625
-0.094382
-0.066864
-0.260305
-0.533852
0.223178
0.077373
-0.040943
-0.032895
-0.245163
-0.060627
-0.132054
-0.231868
-0.287354
-0.251663
-0.214960
-0.263851
-0.018074
0.140733
0.302080
-0.151286
-0.113970
-0.150390
-0.331100
0.099766
-0.111747
0.226827
-0.005596
-0.048787
-0.113363
-0.139160
-0.044566
-0.077328
-0.279386
0.076885
-0.044651
0.001137
0.009011
0.035214
-0.087638
-0.055792
0.338270
0.000413
0.119730
0.463058
0.272399
0.703303
-0.374955
-0.385647
-0.162368
0.548638
-0.013149
0.053139
0.163808
0.108330
0.155085
-0.695626
-0.128534
0.060592
-0.150110
-0.606112
-0.423060
-0.031961
-0.194867
-0.132305
0.023625
-0.031961
-0.011685
-0.105861
-0.012015
-0.038708
-0.032132
0.033842
0.006980
-0.038708
0.053807
-0.310727
-0.065569
-0.362617
-0.359178
-0.235306
-0.089322
-0.121903
-0.429111
-0.039629
-0.071975
0.131081
-0.113488
-0.019261
-0.642932
0.422363
-0.167943
0.038697
0.339342
-0.108263
-0.050645
-0.079811
-0.072926
-0.071277
-0.063273
-0.214995
0.057057
0.169672
-0.031961
0.067765
0.010682
0.172235
0.182982
-0.055993
-0.158819
-0.168483
-0.119772
-0.200306
-0.666886
-0.269555
0.046186
0.059137
-0.082872
-0.402964
0.096413
0.048893
0.098488
0.003026
0.338169
-0.031961
-0.730503
0.094339
0.176424
0.178510
-0.519054
0.038407
-0.022669
-0.326735
-0.125034
0.123344
0.718754
-0.535206
-0.054602
0.080997
-0.054798
-0.101150
-0.322999
-0.362541
-0.108697
-0.362617
0.273331
-0.085213
0.130156
0.147406
-0.192402
-0.429111
-0.199758
-0.557903
0.159614
0.398613
0.151116
-0.148629
-0.018526
0.051924
-0.034639
-0.135819
0.153906
-0.009209
0.110797
-0.448768
-0.259246
-0.021810
0.057494
0.025263
-0.110804
-0.750067
-0.089967
0.178992
0.047537
-0.028882
-0.515171
-0.074247
-0.279916
0.027919
-0.017210
0.186982
-0.287800
0.281393
0.019197
-0.302368
-0.264761
0.101863
-0.362617
-0.059811
-0.335124
0.575878
0.023986
-0.305633
0.150242
-0.577501
-0.100197
0.620137
-0.381000
0.109135
-0.252705
-0.160997
-0.044303
-0.344124
0.030921
-0.157153
-0.082144
0.113662
0.027848
-0.166451
-0.309531
0.231661
0.039910
-0.362120
0.011907
-0.152211
-0.028298
-0.096100
-0.064377
0.043310
-0.300610
-0.054469
-0.031049
-0.197667
0.120550
-0.575826
0.114423
-0.234794
0.198318
0.235894
0.373475
0.109677
0.212997
0.028238
0.153808
-0.052536
-0.024784
-0.010597
0.005413
-0.212829
-0.142224
-0.044650
-0.429819
-0.044058
-0.021428
-0.281362
0.009377
0.029928
0.007806
-0.024887
-0.345573
-0.446720
0.038145
-0.195389
0.089716
-0.165612
-0.002236
0.072100
-0.162964
0.191304
-0.035343
-0.157930
-0.011494
-0.027762
-0.105861
-0.066152
-0.166728
0.063771
-0.111221
-0.089185
-0.010289
-0.123927
-0.092066
0.007383
-0.132776
-0.456189
-0.166389
-0.009315
0.062131
-0.042867
-0.036940
-0.029442
-0.197060
-0.033304
-0.334940
0.048404
0.299489
-0.059587
-0.031961
0.006874
0.029480
-0.057687
0.035344
-0.221783
-0.123615
-0.031961
-0.037075
-0.035061
-0.362617
-0.167210
0.116495
-0.083034
-0.429111
0.012466
-0.159928
-0.689185
0.375561
-0.148800
0.144212
0.017649
-0.052317
-0.122580
-0.292001
-0.330758
-0.218458
-0.171774
0.107676
-0.036417
-0.505589
-0.369280
-0.320032
0.293180
0.045040
-0.295487
-0.166339
-0.213205
0.172572
-0.205599
-0.355826
-0.075692
-0.808143
-0.057290
-0.321913
-0.000260
0.050134
0.398674
-0.090205
-0.203987
-0.101945
-0.359061
-0.290196
-0.198408
-0.321602
-0.305207
-0.167082
-0.122353
-0.057073
-0.297426
0.016806
-0.551617
-0.192797
0.276913
-0.333113
-0.047578
0.115305
-0.099630
-0.587065
-0.274572
-0.151024
0.140689
-0.136654
-0.147073
0.025274
-0.174878
0.090907
0.192007
0.019001
-0.222493
-0.166774
0.084888
0.027669
0.092188
0.008928
-0.098520
0.189005
-0.309093
-0.408608
-0.258513
-0.356048
-0.040573
-0.564602
-0.257081
0.001027
0.059279
-0.467415
-0.053248
-0.060514
0.221380
0.331532
-0.025254
0.035315
0.083299
-0.014129
0.137864
-0.027013
-0.516264
-0.472654
-0.004408
-0.500831
0.199420
-0.040471
-0.225918
-0.184892
-0.084855
-0.031961
-0.047915
-0.003192
-0.124929
0.104019
0.027491
-0.057599
-0.088743
-0.010945
-0.098063
-0.084808
0.071857
-0.198562
0.194993
0.154641
-0.175428
-0.313114
0.166497
0.237439
-0.061925
-0.021770
0.070997
0.049730
-0.030947
-0.045677
0.009524
0.087716
0.119628
0.079074
-0.232851
-0.279753
-0.120463
-0.170554
-0.150531
-0.145858
-0.111760
-0.544772
-0.114913
0.244090
-0.073530
-0.278561
-0.169155
0.248551
-0.101666
-0.121665
0.104293
-0.162819
-0.089199
-0.200081
0.011434
-0.017613
-0.362617
-0.295147
0.096821
-0.429111
-0.132655
-0.364348
-0.039598
-0.055588
0.238672
-0.187971
0.133062
-0.130551
0.032923
-0.095121
0.260205
-0.128348
-0.353159
-0.203104
0.067834
0.044442
0.201645
-0.188416
-0.090802
-0.169728
0.046227
-0.096663
-0.065525
-0.078248
-0.059734
-0.057254
-0.083034
-0.102507
-0.565315
0.030094
0.022526
-0.113043
-0.012007
0.268487
-0.127687
-0.045773
0.025062
-0.079982
-0.117785
-0.074999
0.254728
0.053601
-0.179732
0.242580
-0.226073
-0.201453
0.022607
-0.383127
-0.046061
-0.493824
-0.157696
-0.165091
-0.253876
-0.334289
0.087963
-0.293824
0.003826
-0.305982
-0.132438
-0.087638
-0.141683
-0.065525
-0.014170
