-0.101875
-0.009973
-0.009545
-0.411332
-0.177057
0.059824
-0.389088
-0.440992
-0.368073
-0.355190
0.114464
0.114464
0.114464
-0.094635
-0.868337
-0.050792
-0.422617
0.214885
0.299503
0.004614
-0.020739
-0.127845
-0.010911
-0.188231
-0.338179
0.172639
-0.406432
0.036582
-0.046492
-0.002685
-0.059217
-0.558412
-0.491214
-0.529107
-0.384850
-0.428499
-0.150402
-0.168894
0.497963
-0.186885
0.176277
-0.263632
0.184291
-0.475703
-0.296443
-0.426797
-0.108302
-0.017530
0.796546
0.889546
-0.030299
0.274125
0.185553
-0.252486
0.641253
-0.170661
-2.844428
-0.161181
-0.133440
-0.180825
-0.046707
-0.011892
-0.005566
-0.060514
-0.123847
0.009088
-0.031412
0.154128
-0.264830
-0.386928
0.612757
-0.046902
0.073768
-0.209393
-0.187084
0.002170
0.097921
-0.458294
-0.809024
0.051262
-0.247251
0.066056
-0.618225
-0.262738
-0.316677
0.076035
0.133154
-0.053729
-0.385917
0.674582
0.162770
-0.158797
0.605738
0.213087
-0.014390
0.067516
-0.094635
-0.488751
-0.170921
-0.015704
-0.347760
-0.154007
-0.049680
-0.374222
-0.034660
-0.052140
-0.516292
-0.158148
-0.052139
-0.184704
-0.285952
-0.161569
0.012092
-0.336434
-0.031412
-0.020016
-0.093053
-0.120982
0.249487
-0.249937
0.453690
-0.052780
-0.003163
0.006034
-0.435692
-0.398432
0.047947
-0.340296
-1.705792
-2.442316
-0.312021
-0.069834
-0.288416
-0.288416
-0.165772
0.029925
-0.099398
-0.019207
-0.065007
0.068611
0.130264
-0.176665
-0.244393
-0.319967
-0.197754
-0.341151
-0.059964
-0.647179
-0.432035
0.168428
-0.096404
-0.505965
-0.025726
-0.383439
0.098763
-1.136385
-0.306157
0.365978
0.351366
-0.384482
-0.280046
0.195165
0.106299
0.024987
-0.071748
-1.011910
-0.215155
-0.084269
0.107331
0.031380
-0.327672
0.028509
-0.190134
-0.365009
-0.227658
-0.350073
0.492185
0.220501
-0.245670
-0.140939
-0.246767
0.240529
0.295190
0.149628
0.106930
-0.233922
0.005133
-0.054279
-0.051662
0.312466
-0.738762
-0.021218
0.075607
-0.070817
0.056859
0.025172
0.254400
-0.209152
-0.013283
-0.104994
-0.098859
-0.340247
-0.762372
0.260197
0.182174
-0.049539
-0.026052
-0.279121
-0.066341
-0.153244
-0.278526
-0.305065
-0.229813
-0.249416
-0.316438
-0.045894
0.120135
0.193281
-0.190134
-0.072030
-0.189052
-0.403092
0.127996
-0.151029
0.253943
-0.001462
-0.049441
-0.128167
-0.166673
-0.085452
-0.094635
-0.316315
0.172532
-0.076956
0.022643
0.003138
0.017206
-0.101110
-0.132884
0.421978
0.008327
0.123930
0.539703
0.167827
0.803031
-0.450010
-0.502561
-0.228033
0.755353
-0.016585
0.090924
0.111356
0.124001
0.202216
-0.826403
-0.132016
0.116402
-0.162827
-0.692800
-0.627823
-0.031412
-0.183920
-0.125845
0.047304
-0.031412
-0.006688
-0.098766
-0.009949
-0.043727
-0.037381
0.058867
0.019257
-0.043727
0.028576
-0.415102
-0.129876
-0.432035
-0.428035
-0.353562
-0.146717
-0.191919
-0.505965
0.005805
-0.088522
-0.003383
-0.161816
-0.039872
-1.138046
0.537615
-0.232642
0.084723
0.231293
-0.074230
-0.050969
-0.094924
-0.097614
-0.105717
-0.102169
-0.261897
0.036581
0.218520
-0.031412
0.058803
0.091779
0.221053
0.045414
-0.138704
-0.130724
-0.239387
-0.085984
-0.248093
-0.741530
-0.394574
0.035075
0.090755
-0.084800
-0.522219
0.151688
0.096802
0.093083
-0.026838
0.427488
-0.031412
-0.896880
0.112435
0.201514
0.131622
-0.590935
0.067287
0.019367
-0.442171
-0.126211
0.161289
0.997219
-0.883249
-0.071451
0.095907
-0.139922
-0.100683
-0.392789
-0.471606
-0.130096
-0.432035
0.346608
-0.126967
0.225427
0.122141
-0.251346
-0.505965
-0.271788
-0.694626
0.219686
0.422889
0.543791
0.058196
-0.033359
-0.031665
0.045506
-0.203118
0.201224
-0.033910
0.145339
-0.569367
-0.248319
-0.005399
-0.141277
0.042342
-0.092682
-0.895010
-0.112865
0.206424
0.067216
-0.056633
-0.606483
-0.098692
-0.370045
0.028236
-0.030441
0.239517
-0.375231
0.285375
0.029333
-0.163890
-0.404808
0.167512
-0.432035
-0.064821
-0.355565
0.649222
0.040707
-0.381041
0.324943
-0.648832
-0.107966
0.700441
-0.429070
0.087597
-0.274883
-0.199491
-0.030484
-0.410231
0.023224
-0.184409
-0.122976
0.110458
0.078653
-0.118989
-0.396072
0.247082
0.062289
-0.390086
0.009467
-0.238979
-0.024180
-0.165826
-0.023379
-0.261624
-0.380098
-0.053122
-0.080024
-0.297012
0.138282
-0.716722
0.141682
-0.258645
0.238919
0.254256
0.462563
0.088318
0.245728
0.024134
0.254590
0.090499
-0.088801
0.020003
0.119190
-0.287034
-0.220304
-0.051740
-0.546090
-0.073731
-0.162293
-0.304654
0.031052
0.124163
-0.062305
-0.012282
-0.325470
-0.527158
0.051311
-0.222758
0.115864
-0.237056
-0.096056
0.156622
-0.361968
0.246532
-0.025541
-0.185735
-0.068532
-0.021723
-0.098766
-0.075622
-0.193082
0.072449
-0.248823
-0.096780
-0.013642
-0.289546
-0.093821
0.029222
-0.212759
-0.543160
-0.194314
0.008284
0.089198
-0.020725
-0.031933
-0.012668
-0.220550
-0.107811
-0.383883
0.047174
0.297368
-0.052589
-0.031412
0.021824
0.064207
-0.054828
0.049003
-0.281914
-0.117588
-0.031412
-0.046846
-0.038584
-0.432035
-0.220124
0.163755
-0.093605
-0.505965
0.045802
-0.224506
-0.768997
0.191302
-0.608461
0.170876
0.029473
-0.043990
-0.176329
-0.310683
-0.434021
-0.163839
-0.232621
0.152411
-0.039658
-0.527944
-0.451384
-0.284396
0.353804
0.036476
-0.439419
-0.202147
-0.243079
0.194759
-0.357833
-0.422900
-0.202098
-0.958090
-0.084497
-0.389819
0.028140
0.089482
0.479027
-0.140870
-0.376609
-0.245900
-0.378922
-0.432106
-0.274657
-0.419190
-0.403922
-0.347223
-0.148583
-0.031412
-0.310779
0.040516
-0.715217
-0.160191
0.303134
-0.433550
-0.001261
0.082624
-0.129858
-0.648159
-0.318137
-0.256269
0.165859
-0.217318
-0.187010
0.047173
-0.240281
0.122974
0.090379
-0.115712
-0.263536
-0.213518
0.090063
0.023130
0.051089
-0.005455
-0.094743
0.201146
-0.329212
-0.461324
-0.404006
-0.338344
-0.156829
-0.650031
-0.323937
0.029444
-0.020527
-0.581912
-0.045833
-0.152170
0.245062
0.346656
-0.041915
0.056859
0.087617
-0.220063
0.189467
-0.048243
-0.521197
-0.572808
-0.100197
-0.512963
0.242654
-0.005939
-0.205069
-0.203416
-0.251260
-0.031412
-0.027218
0.007552
-0.189994
0.023910
0.200609
-0.045972
-0.062933
-0.022219
-0.085423
-0.156457
0.119455
-0.214348
0.244778
0.193007
-0.159576
-0.398534
0.207476
0.079025
-0.067521
-0.038935
0.065766
-0.013095
-0.098296
-0.093243
0.025095
0.076042
0.126305
0.068425
-0.341128
-0.370635
-0.143636
-0.196369
-0.176511
-0.127283
-0.125377
-0.710571
-0.145503
0.201964
-0.027072
-0.126690
-0.300991
0.169029
-0.115060
-0.131675
0.127917
-0.173809
-0.092222
-0.244934
-0.054407
-0.053770
-0.432035
-0.312409
0.147401
-0.505965
-0.196619
-0.361354
0.073239
0.028060
0.208795
-0.202629
0.214446
-0.123499
0.117065
-0.200155
0.260475
-0.152203
-0.439042
-0.298664
0.081242
-0.045487
0.167221
-0.272259
-0.182849
-0.223767
0.066447
-0.112184
-0.118856
-0.075601
-0.048813
-0.137661
-0.093605
-0.127353
-0.713636
0.039103
-0.027477
-0.111677
-0.010395
-0.089722
-0.153781
-0.061124
-0.071678
-0.090280
-0.114064
-0.080316
0.184813
0.056858
-0.210289
0.303299
-0.269142
-0.289872
0.009644
-0.460872
-0.160573
-0.510156
-0.153205
-0.269155
-0.242857
-0.400139
0.077425
-0.400884
-0.068655
-0.320877
-0.077314
-0.101110
-0.013163
-0.118856
-0.046634
