0.038773
0.000949
-0.036225
-0.602991
-0.145644
-0.253650
-0.393550
-0.575616
-0.406758
-0.695802
0.313648
0.313648
0.313648
-0.130271
-1.252002
-0.143703
-0.586797
0.321833
0.674940
0.033701
-0.063818
-0.299143
-0.063559
-0.144570
-0.594626
0.295175
-0.803166
-0.002226
-0.038684
-0.059987
-0.166775
-1.296878
-0.814191
-0.690371
-0.608652
-0.637055
-0.077826
-0.265001
0.410152
-0.297056
0.148214
-0.452222
0.275273
-0.767048
-0.476209
-0.624482
-0.247288
-0.060892
1.365599
1.153749
0.093295
0.429874
0.290249
-0.408406
1.009141
-0.191997
-4.635595
-0.223331
-0.049907
-0.267162
-0.022682
0.050195
0.012023
-0.008511
-0.172552
-0.089345
-0.039147
0.377285
-0.439275
-0.554316
0.830227
0.094899
0.126732
-0.410491
-0.263177
0.021139
-0.024382
-0.748535
-1.278864
0.064541
-0.356960
0.100215
-0.839359
-0.504845
-0.378968
0.034585
0.236889
-0.222414
-0.785230
0.954477
0.246781
-0.177785
0.998470
0.282244
0.003930
0.118609
-0.130271
-0.589508
-0.247511
-0.059593
-0.571424
-0.242665
-0.106401
-0.579580
0.023643
-0.074725
-0.786995
-0.176584
-0.067619
-0.339059
-0.295574
-0.352246
-0.016466
-0.446268
-0.039147
-0.090150
-0.134815
-0.036076
0.507594
-0.363244
0.652946
-0.097886
0.008991
0.025383
-0.710744
-0.588925
-0.010824
-0.459925
-2.366427
-3.526521
-0.458091
-0.095773
-0.424614
-0.424614
-0.216555
0.144995
-0.153794
-0.009316
-0.102481
0.116544
0.238526
-0.253036
-0.500930
-0.362511
-0.268904
-0.529525
-0.071423
-0.831177
-0.618884
0.249372
-0.099930
-0.676115
0.039918
-0.406654
0.163529
-1.758337
-0.636698
0.419770
0.314549
-0.645785
-0.365368
0.369663
0.179241
-0.068102
-0.147071
-1.511855
-0.326457
-0.283978
0.085831
0.049786
-0.250425
0.064231
-0.285828
-0.571403
-0.191927
-0.500774
0.364676
0.357496
-0.411445
0.004654
-0.271219
0.352737
0.563991
0.219621
0.151193
-0.311445
0.085370
0.064095
-0.375283
0.446228
-1.167918
-0.005704
0.059323
-0.087091
0.106343
-0.001409
0.261248
-0.368931
-0.003430
-0.161726
-0.090678
-0.459167
-1.101957
0.348422
0.336810
-0.277116
-0.034574
-0.610070
-0.133877
-0.213665
-0.494409
-0.430708
-0.322756
-0.401217
-0.368965
-0.229052
0.078530
0.299723
-0.285828
-0.107009
-0.267810
-0.508319
0.259064
-0.200266
0.316673
0.011303
-0.072606
-0.188808
-0.100828
-0.148140
-0.130271
-0.488732
0.042626
0.092844
0.075964
0.026258
-0.073225
-0.140615
-0.229457
0.725075
0.028709
-0.146703
0.710726
0.206641
1.030542
-0.601136
-0.686616
-0.354349
1.038310
-0.035285
-0.126828
0.071448
0.197637
0.402184
-1.092512
-0.171185
0.253937
-0.239790
-0.931171
-0.916173
-0.039147
-0.315229
-0.110556
-0.015506
-0.039147
-0.004998
-0.110556
-0.015506
-0.069638
-0.064164
0.121473
0.041924
-0.069638
0.145758
-0.257190
-0.243627
-0.618884
-0.687003
-0.611269
-0.182601
-0.182601
-0.676115
0.128391
-0.127197
0.049934
-0.025490
0.038024
-1.564248
0.960370
-0.386138
0.136346
0.374450
-0.086531
-0.074035
-0.151450
-0.161301
-0.109579
-0.236654
-0.393207
0.054950
0.324627
-0.039147
0.053463
0.026975
0.299533
-0.161569
-0.225420
-0.128004
-0.514697
-0.200271
-0.319397
-1.090134
-0.541609
-0.029314
0.212609
-0.200817
-0.918170
0.147632
0.140073
0.088906
0.111442
0.635460
-0.039147
-1.050794
0.142978
0.438051
0.179987
-0.728084
0.149180
0.022063
-0.571637
-0.248223
0.462964
1.472657
-1.532417
-0.049498
0.175345
-0.235104
-0.230360
-0.628374
-0.994407
-0.247207
-0.618884
0.476664
-0.213411
0.372125
0.535443
-0.130576
-0.676115
-0.256608
-0.846179
0.481458
0.858052
0.809316
0.024758
-0.168405
-0.025308
0.194616
-0.272529
0.344223
-0.040136
0.179412
-0.671042
-0.243387
0.019425
-0.148139
-0.045809
-0.152651
-1.130639
-0.124920
0.388755
0.107492
-0.072185
-0.624460
-0.104945
-0.560156
0.113733
-0.073645
0.353473
-0.560156
0.318602
0.074730
-0.266913
-0.617168
0.274531
-0.618884
-0.192358
-0.538089
0.906131
0.090530
-0.475007
0.425947
-0.963078
-0.153742
1.083710
-0.515663
0.149512
-0.234032
-0.474883
-0.113422
-0.749510
0.179608
-0.280337
-0.178110
0.200091
0.101143
-0.102969
-0.592904
0.220287
0.222062
-0.680934
0.052185
-0.352598
0.031289
-0.225479
-0.004948
-0.226378
-0.649989
-0.130454
-0.215126
-0.434449
0.226728
-1.121185
0.336649
-0.432799
0.548384
0.438734
0.603378
0.125242
0.341537
-0.099577
0.323608
0.116631
-0.113139
0.069265
0.157941
-0.367193
-0.384801
-0.080774
-0.775906
-0.170570
-0.042248
-0.505544
-0.017202
0.220822
-0.051501
-0.172136
-0.337116
-0.816951
-0.038185
-0.366709
0.181173
-0.383561
-0.097213
0.191852
-0.622085
0.254865
-0.136555
-0.296998
-0.156992
-0.068015
-0.110556
-0.114392
-0.218370
0.240044
-0.388834
-0.160673
-0.064197
-0.453191
-0.059961
-0.030338
-0.283635
-0.835788
-0.237968
0.059281
-0.001607
-0.018101
-0.053736
0.091555
-0.373250
-0.328398
-0.562013
0.113475
0.453254
-0.056736
-0.039147
-0.030723
0.043420
-0.082969
0.040648
-0.448577
-0.168168
-0.039147
-0.146580
-0.071335
-0.618884
-0.329775
0.194726
-0.130370
-0.676115
0.044027
-0.393282
-0.789958
0.318435
-1.201681
0.156179
0.061480
-0.056686
-0.273199
-0.580674
-0.642391
-0.591493
-0.399091
0.196877
0.005270
-0.808272
-0.684772
-0.488376
0.634495
-0.002990
-0.611561
-0.278121
-0.547632
0.301704
-0.531609
-0.690932
-0.400590
-0.994375
-0.223480
-0.568212
-0.007063
0.238460
0.657861
-0.268701
-0.672081
-0.350543
-0.562266
-0.845579
-0.464057
-0.548929
-0.726524
-0.615763
-0.235700
-0.039147
-0.468080
-0.054125
-1.238028
-0.141192
0.458564
-0.652859
-0.061733
0.101339
-0.226270
-0.872027
-0.337829
-0.344527
0.248230
-0.268384
-0.304372
-0.116290
-0.289060
0.168800
0.049316
-0.143717
-0.488859
-0.336644
0.147796
0.037468
0.061219
0.063222
-0.231627
0.025004
-0.566936
-0.770304
-0.830012
-0.541453
-0.171184
-0.930907
-0.548005
0.041854
0.080594
-1.087612
0.008189
-0.267067
0.012746
0.295210
-0.051295
0.106343
0.085889
-0.444456
0.259539
-0.230530
-0.905211
-0.872966
-0.189385
-0.729340
0.182945
0.026971
-0.363487
-0.302217
-0.348985
-0.039147
-0.042674
0.030355
-0.335457
-0.101237
0.139843
-0.187564
-0.119944
-0.232013
-0.081691
-0.165044
0.171235
-0.362988
0.222271
0.382443
-0.554584
-0.671885
0.197274
0.090781
-0.121165
-0.020088
-0.087444
-0.045220
-0.161874
-0.100336
0.043861
0.202177
0.202254
0.088301
-0.292733
-0.543324
-0.142973
-0.278886
-0.163900
-0.173494
-0.158060
-1.100796
-0.228805
0.151063
-0.044613
-0.395246
-0.434745
0.209911
-0.158552
-0.129109
0.237668
-0.287657
-0.246100
-0.425572
-0.198220
-0.149887
-0.618884
-0.556532
0.191403
-0.676115
-0.433788
-0.516448
-0.007830
0.078983
0.190629
-0.253097
0.408473
-0.184993
0.267201
-0.245475
0.459530
-0.058156
-0.784753
-0.464025
0.171845
0.244844
0.428722
-0.626039
-0.279073
-0.366212
0.113029
-0.137779
-0.141111
-0.016931
-0.019797
-0.231276
-0.130370
-0.136633
-0.894810
0.075374
-0.158732
-0.086884
0.010790
-0.402544
-0.326138
-0.113112
-0.050842
-0.207256
-0.197721
-0.142221
0.226164
0.038036
-0.401752
0.469654
-0.379900
-0.485681
0.001566
-0.827636
-0.207963
-0.889090
-0.420071
-0.498527
-0.280114
-0.651162
0.117708
-0.747595
-0.242039
-0.518937
0.001313
-0.140615
-0.029492
-0.141111
-0.063437
