-0.142788
-0.016596
-0.007910
-0.341026
-0.120913
-0.027255
-0.457240
-0.330035
-0.283218
-0.286751
0.127056
0.127056
0.127056
-0.073388
-0.671062
-0.046042
-0.362065
0.163790
0.119179
-0.007898
-0.025206
-0.094777
0.010249
-0.144607
-0.318358
0.091767
-0.317058
0.014986
-0.051391
-0.031457
0.060983
-0.348402
-0.383818
-0.428558
-0.215869
-0.174654
-0.127235
-0.162344
0.377268
-0.058077
0.138353
-0.191175
0.247037
-0.355947
-0.271443
-0.351147
-0.118201
-0.123728
0.647329
0.762604
-0.031634
0.200848
0.135202
-0.188734
0.418410
-0.083533
-1.749093
-0.128811
-0.356268
-0.145945
0.024444
-0.032129
-0.022233
-0.059117
-0.108157
0.067145
-0.034255
0.054830
-0.188273
-0.261190
0.461167
-0.110828
0.062734
-0.132586
-0.087771
-0.013069
0.088246
-0.041129
-0.421360
0.033793
-0.228369
0.039308
-0.422002
-0.238958
-0.317300
0.079930
0.077870
-0.048361
-0.446419
0.372149
0.052197
-0.169279
0.354418
0.134374
-0.028821
0.081072
-0.073388
-0.354734
-0.187681
-0.012857
-0.275012
-0.118064
-0.074110
-0.301523
-0.031972
-0.055297
-0.438150
-0.121263
-0.053273
-0.123606
-0.200924
-0.104005
0.051908
-0.242319
-0.034255
0.083881
-0.050304
-0.080615
0.135208
-0.193064
0.078388
-0.034581
-0.035896
0.010110
-0.374027
-0.276083
0.047017
-0.241633
-1.391051
-1.450405
-0.256575
-0.059323
-0.249900
-0.249900
-0.105163
-0.027167
-0.111334
-0.026866
-0.050485
0.018201
0.087455
-0.149200
-0.184354
-0.142640
-0.134715
-0.255501
-0.165156
-0.417584
-0.326999
0.123789
-0.017318
-0.398941
-0.015969
-0.253083
0.059373
-0.624999
-0.230556
0.334855
0.328974
-0.225206
-0.343773
0.079833
0.078216
0.068303
-0.009565
-0.728183
-0.175678
-0.008136
0.201077
0.035306
-0.056799
0.005465
-0.143993
-0.298372
-0.136086
-0.257095
0.483556
0.177882
-0.179229
-0.140957
-0.193099
0.176463
0.221158
0.117056
0.053846
-0.225663
0.049599
-0.059429
-0.088276
0.226307
-0.500164
-0.064723
0.013719
-0.056656
0.001834
0.007445
0.196974
-0.072294
-0.040054
-0.107961
-0.045346
-0.256297
-0.491363
0.208960
0.097407
-0.059829
-0.028601
-0.242066
-0.060128
-0.122895
-0.229282
-0.248956
-0.234046
-0.208300
-0.230268
-0.066069
0.124309
0.378376
-0.143993
-0.082943
-0.144229
-0.224226
0.090104
-0.091500
0.201032
0.000435
-0.053799
-0.110423
-0.130368
-0.030367
-0.073388
-0.255166
0.059668
-0.110601
-0.010461
0.007834
0.021026
-0.086963
-0.052096
0.310704
-0.001411
0.102966
0.488636
0.194663
0.649415
-0.362771
-0.355223
-0.142840
0.623541
-0.017953
0.040199
0.092129
0.095984
0.141963
-0.589270
-0.137765
0.042098
-0.117634
-0.530799
-0.322443
-0.034255
-0.181917
-0.136022
0.006312
-0.034255
-0.017818
-0.116141
-0.040127
-0.038188
-0.033976
0.020757
-0.002930
-0.038188
0.040651
-0.364069
-0.065120
-0.326999
-0.327651
-0.226425
-0.075710
-0.108384
-0.398941
-0.027697
-0.068950
0.051284
-0.109045
-0.026601
-0.756818
0.385912
-0.162125
0.047641
0.325823
-0.095242
-0.046735
-0.075270
-0.062401
-0.069263
-0.047811
-0.209636
0.198468
0.146288
-0.034255
0.042394
0.013142
0.141532
0.168031
-0.062248
-0.149539
-0.167635
-0.107307
-0.097539
-0.534082
-0.285075
0.033756
0.039237
-0.099465
-0.358650
0.223898
0.026306
0.080222
0.130494
0.293360
-0.034255
-0.667738
0.098519
0.150783
0.151035
-0.461059
0.030910
-0.032880
-0.325713
-0.131838
0.074346
0.522829
-0.516842
-0.054736
0.071577
-0.056308
-0.070660
-0.306619
-0.295131
-0.085117
-0.326999
0.262074
-0.066144
0.059167
0.133618
-0.173597
-0.398941
-0.189896
-0.535006
0.244575
0.423316
0.260391
-0.161057
-0.020757
0.033267
-0.057557
-0.138746
0.117163
-0.015013
0.055020
-0.511743
-0.250706
-0.024465
0.209456
0.033200
-0.065927
-0.686193
-0.080234
0.165501
0.045890
-0.041598
-0.454365
-0.092649
-0.263457
0.018739
-0.042913
0.147950
-0.272394
0.173835
0.001581
-0.327534
-0.250140
0.068832
-0.326999
-0.058989
-0.281427
0.530982
0.025825
-0.286631
0.101691
-0.515973
-0.098095
0.603441
-0.323005
0.114413
-0.242145
-0.121367
-0.055497
-0.338253
0.018511
-0.145588
-0.079521
0.091246
0.010516
-0.164504
-0.277038
0.212935
0.018149
-0.341819
0.025641
-0.156241
-0.042913
-0.109703
-0.072558
-0.057864
-0.288854
-0.054741
-0.054398
-0.195399
0.100916
-0.516381
0.091088
-0.183780
0.165773
0.208393
0.391746
0.118399
0.184717
0.034271
0.137987
-0.046681
-0.039076
-0.011050
-0.037589
-0.191123
-0.130470
-0.042921
-0.398367
-0.033834
0.086889
-0.235787
0.004380
-0.032200
0.004744
-0.033800
-0.330474
-0.443005
0.013286
-0.181670
0.068298
-0.080405
-0.007684
0.056232
-0.130869
0.313423
-0.063831
-0.151982
-0.016293
-0.006591
-0.109026
-0.066511
-0.171415
0.036508
-0.092215
-0.064704
-0.019520
-0.194515
-0.098191
-0.001899
-0.152269
-0.419167
-0.163024
-0.009974
0.059434
-0.040431
-0.042751
-0.038946
-0.180475
-0.066304
-0.317047
0.031270
0.266013
-0.039587
-0.034255
0.006389
0.023917
-0.052407
0.042719
-0.209225
-0.129070
-0.034255
-0.042634
-0.052469
-0.326999
-0.153736
0.101493
-0.080278
-0.398941
0.016488
-0.144171
-0.617360
0.396616
-0.078957
0.128274
0.012125
-0.058007
0.105291
-0.266940
-0.335804
-0.232546
-0.154952
0.136117
-0.039335
-0.577558
-0.346219
-0.096712
0.263208
0.031138
-0.292658
-0.144435
-0.207953
0.154211
-0.224015
-0.332281
-0.078323
-0.724640
-0.077065
-0.295642
0.014176
0.035952
0.367348
-0.089084
-0.193078
-0.050503
-0.361091
-0.296022
-0.186475
-0.303529
-0.274620
-0.158707
-0.115760
-0.056908
-0.263355
0.024784
-0.503499
-0.184504
0.233409
-0.304183
-0.040665
0.087063
-0.100879
-0.538726
-0.266082
-0.172028
0.127632
-0.117621
-0.118743
0.058691
-0.170803
0.077571
0.174334
-0.014967
-0.201616
-0.153905
0.074436
0.018774
0.082929
0.001772
-0.090954
0.162769
-0.284633
-0.375095
-0.258359
-0.334707
0.025483
-0.551963
-0.239740
0.011524
0.041102
-0.336165
-0.077242
-0.097202
0.153590
0.334605
-0.008272
0.028938
0.093171
-0.019726
0.119730
0.017264
-0.423424
-0.457184
-0.019626
-0.561571
0.140409
0.002466
-0.215604
-0.173130
-0.130622
-0.034255
-0.037482
-0.007651
-0.117302
0.073058
0.012431
-0.036253
-0.085338
-0.010234
-0.104163
-0.077326
0.044955
-0.196612
0.128221
0.159493
-0.150516
-0.319601
0.161871
0.262487
-0.071924
-0.000484
0.059270
0.032793
-0.000619
-0.042257
0.001656
0.070384
0.078112
0.117536
-0.175185
-0.266164
-0.104638
-0.159708
-0.166157
-0.142495
-0.111762
-0.503313
-0.110229
0.248920
-0.085890
-0.296448
-0.133219
0.215367
-0.095409
-0.122435
0.095784
-0.157383
-0.086088
-0.192691
0.025181
-0.018189
-0.326999
-0.237818
0.076986
-0.398941
-0.101521
-0.339656
-0.059345
-0.061730
0.210837
-0.163972
0.103870
-0.165085
0.032718
-0.091588
0.207518
-0.072283
-0.332944
-0.200844
0.046575
0.012269
0.141477
-0.156940
-0.090231
-0.159492
0.036908
-0.094239
-0.054627
-0.075373
-0.066284
-0.049581
-0.076761
-0.098406
-0.498483
0.028240
0.026814
-0.108784
-0.030615
0.161206
-0.098099
-0.041637
0.026361
-0.106203
-0.118507
-0.057089
0.230675
0.030349
-0.166933
0.216499
-0.199210
-0.226153
0.022988
-0.332359
-0.058080
-0.454691
-0.081601
-0.119253
-0.244858
-0.309833
0.073911
-0.264763
-0.004477
-0.270117
-0.322704
-0.086963
-0.121171
-0.054627
-0.019600
