0.025999
-0.004545
-0.032184
-0.503935
-0.117022
-0.088407
-0.353682
-0.515924
-0.424702
-0.472077
0.247478
0.247478
0.247478
-0.110750
-1.083500
-0.125002
-0.514107
0.265240
0.473986
0.018712
-0.052928
-0.167685
-0.046491
-0.121362
-0.343926
0.231261
-0.503082
0.000185
-0.042622
-0.054179
-0.147950
-0.944225
-0.664659
-0.574898
-0.468751
-0.509446
-0.094554
-0.228791
0.505970
-0.277774
0.174257
-0.350704
0.229606
-0.621350
-0.378829
-0.485867
-0.173300
-0.015852
1.037449
1.093287
0.005471
0.274581
0.235521
-0.322727
0.923427
-0.199700
-3.812371
-0.191895
-0.068393
-0.221890
-0.063100
-0.018537
0.002143
-0.013501
-0.149186
0.007450
-0.035320
0.292928
-0.339487
-0.494973
0.601214
0.048197
0.098127
-0.322951
-0.117428
0.012805
0.085065
-0.482427
-1.014830
0.057089
-0.324730
0.078921
-0.680093
-0.415018
-0.297237
0.042295
0.180137
-0.181237
-0.660655
0.877694
0.192546
-0.153845
0.737800
0.216353
-0.005735
0.102205
-0.110750
-0.515691
-0.204182
-0.033496
-0.449394
-0.196258
-0.083278
-0.463448
0.019688
-0.064798
-0.644235
-0.165819
-0.058304
-0.274618
-0.316547
-0.204875
-0.000632
-0.356573
-0.035320
-0.064434
-0.111768
-0.132373
0.396159
-0.302297
0.549360
-0.066703
-0.009597
0.014989
-0.513804
-0.471499
0.067850
-0.420235
-2.050618
-2.988936
-0.382742
-0.081379
-0.350784
-0.350784
-0.176450
0.043348
-0.145355
-0.017810
-0.082675
0.070176
0.175260
-0.272045
-0.392123
-0.410599
-0.212128
-0.466132
-0.065226
-0.786383
-0.520031
0.238416
-0.069433
-0.591498
-0.025372
-0.517638
0.132354
-1.346809
-0.468660
0.423561
0.378763
-0.552644
-0.364779
0.265919
0.142696
-0.053076
-0.109294
-1.246248
-0.267905
-0.166208
0.090766
0.041475
-0.263937
0.046661
-0.235314
-0.461243
-0.165681
-0.414992
0.371896
0.332278
-0.295923
0.001565
-0.280892
0.291839
0.489297
0.182243
0.125806
-0.258930
0.088623
-0.056749
-0.274526
0.351534
-0.918024
-0.055039
0.053047
-0.080603
0.081376
0.037083
0.210749
-0.298484
-0.005178
-0.116029
-0.062717
-0.370087
-0.937504
0.357379
0.279110
-0.083433
-0.027559
-0.470930
-0.094444
-0.156446
-0.389530
-0.356773
-0.321312
-0.269902
-0.282716
-0.176157
0.138149
0.280344
-0.235314
-0.104539
-0.169306
-0.478586
0.179458
-0.082416
0.269997
0.011738
-0.059419
-0.076767
-0.206249
-0.112851
-0.110750
-0.381413
0.059092
-0.042768
0.044475
0.013575
0.050477
-0.121560
-0.175978
0.584141
0.020468
0.036723
0.635344
0.167583
0.991831
-0.554130
-0.583075
-0.288641
0.923517
-0.024934
0.134025
0.053432
0.159677
0.318850
-1.022531
-0.148457
0.184033
-0.195956
-0.875079
-0.767999
-0.035320
-0.251401
-0.131945
0.020282
-0.035320
-0.005896
-0.102186
-0.013309
-0.055137
-0.049587
0.087390
0.028431
-0.055137
0.119896
-0.360016
-0.184042
-0.520031
-0.549583
-0.471941
-0.199413
-0.259918
-0.591498
0.112967
-0.107734
0.003294
-0.071981
0.033773
-1.406610
0.699806
-0.285659
0.108858
0.297953
-0.087396
-0.070407
-0.121078
-0.128009
-0.149525
-0.181328
-0.326923
0.187173
0.263776
-0.035320
0.052249
0.039082
0.230869
-0.123752
-0.231365
-0.107008
-0.406339
-0.164877
-0.236712
-0.862555
-0.414965
0.042512
0.161445
-0.122520
-0.714586
0.090856
0.098980
0.062356
-0.032676
0.560734
-0.035320
-1.063062
0.126673
0.305890
0.145183
-0.626299
0.102960
0.004568
-0.495522
-0.212075
0.349147
1.296721
-1.218281
-0.039259
0.135050
-0.182720
-0.194672
-0.507142
-0.766590
-0.152442
-0.520031
0.427776
-0.216049
0.278871
0.385877
-0.261789
-0.591498
-0.329204
-0.825267
0.324300
0.654580
0.701458
0.033643
-0.058369
0.006691
0.144310
-0.199319
0.266596
-0.038761
0.143560
-0.606934
-0.258978
0.006491
-0.098390
-0.044198
-0.114243
-1.061972
-0.145221
0.259737
0.087739
-0.066857
-0.691029
-0.101102
-0.476947
0.088171
-0.033545
0.277626
-0.436725
0.250473
0.049336
-0.234663
-0.509643
0.242999
-0.520031
-0.098456
-0.478975
0.734226
0.061827
-0.430078
0.328643
-0.761000
-0.129873
0.906301
-0.462951
0.129354
-0.119228
-0.300760
-0.092704
-0.581041
0.178617
-0.229322
-0.145048
0.147785
0.038622
-0.104762
-0.491119
0.382331
0.176456
-0.461610
0.056723
-0.212013
0.072725
-0.192253
-0.069052
-0.338930
-0.531775
-0.058522
-0.130988
-0.337538
0.178301
-0.911374
0.265087
-0.358142
0.363127
0.351304
0.618298
0.089737
0.277499
-0.073241
0.270217
0.082658
-0.098510
0.048048
0.131514
-0.356387
-0.318172
-0.065153
-0.698582
-0.117488
-0.096055
-0.381975
-0.020082
0.171397
-0.071280
-0.066716
-0.296175
-0.617431
-0.038108
-0.287809
0.197395
-0.353963
-0.064063
0.214147
-0.443033
0.275677
-0.102101
-0.235233
-0.131478
-0.066881
-0.102186
-0.093885
-0.225518
0.195057
-0.316573
-0.125837
-0.055405
-0.360593
-0.070309
-0.034007
-0.243256
-0.631029
-0.223749
0.107662
0.012492
-0.019628
-0.045100
0.062945
-0.308392
-0.214692
-0.465471
0.077129
0.431364
-0.040025
-0.035320
-0.014570
0.053263
-0.068728
0.040841
-0.361682
-0.150032
-0.035320
-0.111960
-0.053394
-0.520031
-0.242950
0.155286
-0.111778
-0.591498
0.030718
-0.306064
-0.885217
0.334063
-0.846565
0.190261
0.044221
-0.051827
-0.229081
-0.471726
-0.509618
-0.465757
-0.267573
0.162378
0.004270
-0.564510
-0.554493
-0.398999
0.487126
0.051014
-0.497708
-0.238108
-0.381875
0.245410
-0.416818
-0.563007
-0.357680
-0.778841
-0.225683
-0.417817
0.005165
0.178167
0.603795
-0.145685
-0.509526
-0.317304
-0.470796
-0.697764
-0.338487
-0.471193
-0.583748
-0.448372
-0.191336
-0.035320
-0.383434
0.039461
-0.985932
-0.126735
0.364103
-0.572523
-0.008398
0.091043
-0.176373
-0.765268
-0.278962
-0.282376
0.183404
-0.266411
-0.248567
-0.036536
-0.283914
0.141104
0.086083
-0.148473
-0.401871
-0.259585
0.116745
0.026253
0.041317
0.050654
-0.112229
0.071208
-0.379053
-0.551649
-0.575218
-0.432863
-0.134878
-0.706700
-0.430547
0.032323
-0.079825
-0.875504
0.003740
-0.237715
0.236178
0.350136
-0.034137
0.081376
0.042547
-0.366496
0.272287
-0.134690
-0.813320
-0.713273
-0.146751
-0.735551
0.229865
0.067091
-0.292116
-0.247062
-0.279255
-0.035320
-0.033355
0.017894
-0.257024
-0.024593
0.124478
-0.126418
-0.090292
-0.170552
-0.081826
-0.187435
0.192202
-0.301126
0.283494
0.289101
-0.414536
-0.538341
0.171521
0.177910
-0.086673
0.041625
-0.053598
-0.024899
-0.097481
-0.068746
0.034260
0.114949
0.160095
0.078695
-0.333031
-0.489838
-0.111712
-0.233700
-0.162577
-0.167763
-0.144520
-0.983791
-0.186334
0.301050
-0.134183
-0.323032
-0.360820
0.109692
-0.135253
-0.107124
0.177533
-0.228160
-0.223711
-0.344933
-0.144702
-0.074765
-0.520031
-0.441284
0.160511
-0.591498
-0.327804
-0.415501
-0.015139
0.076405
0.195670
-0.172896
0.306407
-0.146711
0.209702
-0.255601
0.353849
-0.100699
-0.639442
-0.390524
0.121136
0.134842
0.322534
-0.437753
-0.226240
-0.289753
0.087071
-0.115893
-0.112250
0.002092
-0.071545
-0.185419
-0.111778
-0.111671
-0.775978
0.055962
-0.117707
-0.121238
0.010113
-0.214634
-0.260158
-0.086087
-0.037142
-0.165294
-0.169441
-0.108394
0.250438
0.050372
-0.259106
0.333015
-0.346826
-0.396474
0.047269
-0.636855
-0.200280
-0.663033
-0.329175
-0.330032
-0.292839
-0.466834
0.095761
-0.594977
-0.095274
-0.435832
0.089106
-0.121560
0.001247
-0.112250
-0.055069
