0.020290
-0.009094
-0.034546
-0.448858
-0.151945
0.059344
-0.360942
-0.455424
-0.388955
-0.417569
0.212910
0.212910
0.212910
-0.102135
-0.928202
-0.053357
-0.458492
0.233385
0.336331
0.008608
-0.047012
-0.150768
-0.008399
-0.177504
-0.285655
0.195158
-0.444496
0.040218
-0.045525
-0.025204
-0.064770
-0.800730
-0.534870
-0.571766
-0.391936
-0.452316
-0.140158
-0.211737
0.526909
-0.236731
0.185202
-0.283686
0.203078
-0.537854
-0.333629
-0.480580
-0.135538
-0.010269
0.861779
0.969888
-0.034886
0.240950
0.203552
-0.272814
0.722822
-0.168443
-3.201530
-0.173972
-0.064130
-0.197398
-0.047748
-0.012348
-0.003197
-0.064343
-0.134679
0.008643
-0.033542
0.243375
-0.294843
-0.425107
0.610489
-0.036840
0.083155
-0.231890
-0.200027
0.006384
0.073992
-0.441675
-0.941188
0.052467
-0.278993
0.069917
-0.688472
-0.348513
-0.384588
0.001668
0.151104
-0.059265
-0.510608
0.814007
0.180832
-0.178693
0.655454
0.179242
-0.011082
0.051279
-0.102135
-0.492234
-0.183844
-0.023938
-0.386623
-0.170881
-0.083031
-0.445395
-0.039377
-0.058903
-0.567186
-0.160452
-0.054946
-0.200199
-0.274637
-0.172555
0.005941
-0.309623
-0.033542
-0.053189
-0.100486
-0.123773
0.284304
-0.269745
0.491818
-0.052242
0.003607
0.008880
-0.465011
-0.408552
0.087638
-0.371121
-1.885648
-2.544440
-0.340318
-0.075762
-0.313531
-0.313531
-0.188558
0.028702
-0.136971
-0.019673
-0.072405
0.047806
0.145144
-0.297762
-0.281857
-0.390356
-0.225595
-0.407307
-0.061144
-0.680221
-0.468108
0.182607
-0.105412
-0.541221
-0.025447
-0.436787
0.111404
-1.318918
-0.402762
0.387194
0.339634
-0.525200
-0.298858
0.223999
0.120992
-0.032649
-0.094143
-1.099097
-0.236032
-0.152388
0.111317
0.034854
-0.319564
0.034757
-0.208984
-0.441873
-0.250145
-0.368224
0.394839
0.285068
-0.257618
-0.112023
-0.259263
0.255228
0.418850
0.156645
0.161125
-0.225645
0.014417
-0.055676
-0.240020
0.305670
-0.742367
-0.039311
0.084295
-0.076476
0.066689
0.028362
0.227155
-0.264365
-0.014174
-0.119898
-0.056510
-0.343584
-0.829430
0.280145
0.241932
-0.069732
-0.030128
-0.340616
-0.077274
-0.191416
-0.346563
-0.326551
-0.281553
-0.242037
-0.277473
-0.093135
0.170608
0.243405
-0.208984
-0.152040
-0.179967
-0.455661
0.146463
-0.063475
0.274883
0.002872
-0.054049
-0.139620
-0.182137
-0.096385
-0.102135
-0.361160
0.110672
0.088229
0.028170
0.006486
-0.007419
-0.116162
-0.149861
0.504016
0.013925
0.130307
0.569062
0.233769
0.936221
-0.487425
-0.513283
-0.250874
0.881447
-0.022329
0.107202
0.136685
0.137934
0.266416
-0.968944
-0.138269
0.142224
-0.183806
-0.750697
-0.683352
-0.033542
-0.221314
-0.128726
0.014104
-0.033542
-0.006670
-0.100159
-0.012359
-0.048709
-0.042138
0.069887
0.021837
-0.048709
0.092805
-0.373149
-0.135363
-0.468108
-0.477316
-0.398860
-0.172384
-0.223436
-0.541221
0.018531
-0.100139
0.019221
-0.181320
-0.043772
-1.195459
0.600940
-0.254562
0.093369
0.254666
-0.062129
-0.084697
-0.105446
-0.111196
-0.068910
-0.118903
-0.289382
0.150580
0.237289
-0.033542
0.040286
0.092544
0.227456
0.079022
-0.152496
-0.146305
-0.327871
-0.090729
-0.218382
-0.830871
-0.368355
0.045431
0.136144
-0.115324
-0.608075
0.269990
0.078474
0.050053
0.179099
0.475916
-0.033542
-0.961821
0.116805
0.201663
0.180619
-0.529929
0.078720
0.032283
-0.435212
-0.134798
0.209318
1.104569
-1.043570
-0.035031
0.109952
-0.159438
-0.176441
-0.443122
-0.576166
-0.133038
-0.468108
0.374950
-0.152041
0.259999
0.327979
-0.282850
-0.541221
-0.320509
-0.775992
0.235168
0.558318
0.653326
0.126330
-0.022443
-0.041213
0.054681
-0.185628
0.225349
-0.036508
0.133193
-0.556923
-0.280158
-0.000705
-0.103408
-0.004452
-0.099916
-0.956917
-0.125451
0.217994
0.070620
-0.063243
-0.653444
-0.093886
-0.414965
0.072713
-0.038754
0.235164
-0.428560
0.225475
-0.000550
-0.247407
-0.449901
0.204040
-0.468108
-0.078393
-0.406113
0.685671
0.047241
-0.402802
0.336189
-0.653710
-0.115958
0.756563
-0.411689
0.090766
-0.309637
-0.249951
-0.073256
-0.463280
0.028823
-0.201722
-0.136615
0.121992
0.036456
-0.148595
-0.433948
0.321909
0.150756
-0.497743
0.053931
-0.271199
0.051000
-0.175698
-0.024160
-0.317115
-0.465750
-0.055606
-0.064948
-0.330603
0.152510
-0.800546
0.159764
-0.269297
0.262025
0.304762
0.579566
0.098408
0.268423
-0.004451
0.278380
0.086526
-0.136490
0.037199
0.117144
-0.385668
-0.261983
-0.057564
-0.640468
-0.091778
-0.089788
-0.335591
0.037282
0.104798
-0.065287
-0.061277
-0.343784
-0.572983
-0.041639
-0.285311
0.179361
-0.269681
-0.050235
0.177352
-0.416131
0.194974
-0.032956
-0.204079
-0.070418
-0.065966
-0.100159
-0.083142
-0.214360
0.189252
-0.248111
-0.107550
-0.049182
-0.283118
-0.073053
0.032676
-0.222695
-0.577101
-0.198087
0.028803
0.062498
-0.020109
-0.036372
0.005219
-0.238401
-0.125618
-0.415753
0.058196
0.319128
-0.066984
-0.033542
0.021858
0.073635
-0.060412
0.037873
-0.318717
-0.117081
-0.033542
-0.094670
-0.045070
-0.468108
-0.253467
0.184938
-0.101849
-0.541221
0.049825
-0.259721
-0.832519
0.239445
-0.763424
0.189382
0.034505
-0.046894
-0.148083
-0.415502
-0.465075
-0.282139
-0.223999
0.176780
-0.046306
-0.534349
-0.485863
-0.362368
0.400910
0.040951
-0.485746
-0.216239
-0.269898
0.211539
-0.359538
-0.465404
-0.298095
-0.829291
-0.116822
-0.367253
0.024482
0.106173
0.527740
-0.163374
-0.410000
-0.285520
-0.321830
-0.525171
-0.307986
-0.464827
-0.449294
-0.387478
-0.165927
-0.033542
-0.337811
0.037075
-0.845542
-0.169483
0.339365
-0.486541
0.004703
0.084343
-0.152344
-0.679266
-0.295362
-0.270866
0.182876
-0.229900
-0.215897
-0.038436
-0.257118
0.129472
0.092209
-0.209259
-0.301022
-0.223300
0.099775
0.022936
0.034087
-0.008043
-0.127394
0.259173
-0.379498
-0.504870
-0.460044
-0.378146
-0.160914
-0.617835
-0.368351
0.026281
-0.062209
-0.736697
-0.009627
-0.161031
0.213933
0.387624
-0.097443
0.066689
0.104411
-0.247727
0.232221
-0.151899
-0.620345
-0.626615
-0.121454
-0.599467
0.201149
-0.000016
-0.211165
-0.219152
-0.268187
-0.033542
-0.030414
0.010971
-0.216754
-0.015200
0.069747
-0.093188
-0.073758
-0.135281
-0.084146
-0.141287
0.105571
-0.225278
0.196182
0.215998
-0.357629
-0.500641
0.158962
0.099277
-0.080779
0.004188
0.062397
-0.013429
-0.123213
-0.095684
0.025923
0.071747
0.139863
0.072967
-0.300516
-0.415959
-0.157338
-0.210795
-0.195048
-0.142898
-0.179387
-0.883669
-0.161220
0.178983
-0.024408
-0.312222
-0.350355
0.135974
-0.124320
-0.145268
0.144622
-0.191989
-0.186928
-0.313752
-0.071223
-0.063163
-0.468108
-0.350426
0.168078
-0.541221
-0.226335
-0.317892
-0.009741
0.066362
0.206857
-0.128914
0.248764
-0.137566
0.133804
-0.212430
0.294675
-0.140496
-0.524528
-0.335600
0.095542
0.072272
0.285362
-0.349191
-0.201790
-0.249230
0.073333
-0.108256
-0.136498
-0.055097
-0.037402
-0.162096
-0.101849
-0.096761
-0.748811
0.045281
-0.033229
-0.100747
0.007500
-0.133606
-0.223862
-0.070695
-0.030972
-0.143338
-0.160135
-0.090782
0.214443
0.053627
-0.229029
0.287153
-0.299600
-0.319473
-0.016361
-0.533069
-0.191143
-0.591223
-0.234141
-0.291905
-0.260105
-0.425158
0.083088
-0.498920
-0.144086
-0.348159
0.033889
-0.116162
-0.006148
-0.136498
-0.050460
