-0.062301
-0.016905
-0.007232
-0.340156
-0.112439
-0.032390
-0.448943
-0.312802
-0.292864
-0.286001
0.124533
0.124533
0.124533
-0.071142
-0.664012
-0.049320
-0.357514
0.158712
0.113252
-0.007128
-0.026858
-0.093149
0.013295
-0.139740
-0.306272
0.087574
-0.312994
0.014522
-0.050455
-0.029165
0.049772
-0.359914
-0.374143
-0.429335
-0.218093
-0.186343
-0.128060
-0.162818
0.353662
-0.060750
0.126968
-0.187342
0.243362
-0.346205
-0.257801
-0.339099
-0.114891
-0.122749
0.668127
0.720391
-0.031046
0.195535
0.129552
-0.184594
0.387984
-0.079893
-1.204825
-0.123847
-0.353385
-0.143157
0.010347
-0.023267
-0.023175
-0.042666
-0.106916
0.062174
-0.034791
0.038207
-0.181759
-0.254530
0.456050
-0.114694
0.071085
-0.122161
-0.085139
-0.014181
0.083123
-0.041279
-0.409146
0.033393
-0.236578
0.038014
-0.414653
-0.232519
-0.305565
0.096154
0.059600
-0.047247
-0.273363
0.378498
0.038069
-0.170628
0.306040
0.124717
-0.028899
0.070108
-0.071142
-0.351764
-0.187315
-0.011207
-0.267972
-0.116444
-0.070746
-0.301281
-0.028253
-0.058489
-0.431046
-0.122023
-0.054190
-0.119475
-0.201832
-0.104991
0.051620
-0.224560
-0.034791
0.093528
-0.048673
-0.080500
0.124595
-0.192312
0.074720
-0.045145
-0.042657
0.008404
-0.364857
-0.268971
0.044058
-0.236221
-1.331516
-1.126538
-0.250466
-0.065646
-0.251887
-0.251887
-0.103074
-0.033946
-0.116527
-0.028479
-0.052164
0.011857
0.082690
-0.153324
-0.193529
-0.141444
-0.133232
-0.257011
-0.160838
-0.404419
-0.314674
0.119858
-0.016549
-0.385264
-0.018200
-0.237462
0.057538
-1.162770
-0.226703
0.327473
0.333859
-0.217149
-0.336369
0.090845
0.073251
0.067760
-0.008429
-0.681599
-0.173285
-0.011112
0.188774
0.033070
-0.050013
0.000297
-0.138710
-0.287042
-0.132159
-0.249184
0.484649
0.170399
-0.172377
-0.151102
-0.176320
0.172366
0.199978
0.118003
0.052073
-0.222409
0.064672
-0.058800
-0.074421
0.213639
-0.461958
-0.070376
0.014226
-0.056385
0.001106
0.006442
0.192753
-0.083006
-0.039855
-0.107466
-0.045227
-0.251790
-0.469040
0.199913
0.099211
-0.054256
-0.028706
-0.232369
-0.061463
-0.121007
-0.226337
-0.255386
-0.184055
-0.192765
-0.218079
-0.068255
0.119485
0.383642
-0.138710
-0.072921
-0.145964
-0.206532
0.082960
-0.089902
0.199139
0.003516
-0.043662
-0.110247
-0.126093
-0.025097
-0.071142
-0.247091
0.063200
-0.106163
-0.011959
0.005570
0.017452
-0.086905
-0.045339
0.304569
-0.002159
0.089977
0.480494
0.172641
0.637333
-0.363411
-0.346867
-0.143079
0.643256
-0.020002
0.036963
0.077022
0.089298
0.138042
-0.571564
-0.138071
0.032360
-0.116104
-0.526632
-0.317133
-0.034791
-0.179798
-0.136149
0.002254
-0.034791
-0.021114
-0.116560
-0.038182
-0.037270
-0.036995
0.017804
-0.012033
-0.037270
0.036516
-0.366388
-0.069812
-0.314674
-0.318195
-0.215676
-0.071024
-0.105238
-0.385264
-0.032128
-0.068665
0.051490
-0.117125
-0.029421
-0.421608
0.368985
-0.156460
0.039348
0.313880
-0.090637
-0.048653
-0.074038
-0.063972
-0.074999
-0.046308
-0.215733
0.255373
0.137391
-0.034791
0.032937
0.023779
0.141415
0.169517
-0.057972
-0.146623
-0.160398
-0.110995
-0.112730
-0.508767
-0.289143
0.031833
0.039420
-0.096908
-0.312177
0.353611
0.017983
0.076771
0.164245
0.286417
-0.033260
-0.643451
0.088731
0.134752
0.149007
-0.445486
0.023746
-0.034585
-0.328780
-0.131276
0.076009
0.567036
-0.557162
-0.057717
0.103075
-0.021868
-0.074095
-0.305573
-0.293780
-0.080113
-0.314674
0.261823
-0.065331
0.052620
0.119825
-0.155346
-0.385264
-0.180830
-0.504118
0.219955
0.392428
0.250414
0.016755
-0.011813
0.029109
-0.058678
-0.135282
0.115980
-0.014262
0.049923
-0.459114
-0.246995
-0.039989
0.215169
0.031380
-0.070638
-0.663151
-0.078710
0.157598
0.042957
-0.041027
-0.442130
-0.087472
-0.259803
0.014924
-0.045204
0.136906
-0.271832
0.155830
-0.005542
-0.323067
-0.248160
0.061899
-0.314674
-0.055215
-0.273391
0.512700
0.023797
-0.276796
0.104394
-0.488232
-0.096904
0.661601
-0.308544
0.107343
-0.229288
-0.125402
-0.058567
-0.326002
0.012469
-0.138377
-0.083925
0.074849
0.011958
-0.162285
-0.267689
0.195412
0.012901
-0.323022
0.024354
-0.154586
-0.041156
-0.101416
-0.070548
-0.058903
-0.283572
-0.053331
-0.047501
-0.181053
0.056901
-0.468830
0.108163
-0.166526
0.164696
0.205040
0.398568
0.113701
0.188967
0.027967
0.132144
-0.055125
-0.036945
-0.008359
-0.049305
-0.197562
-0.124920
-0.042570
-0.397799
-0.027706
0.079245
-0.238907
0.002675
-0.036593
0.003658
-0.043990
-0.323622
-0.397774
0.008924
-0.177909
0.056217
-0.092700
-0.012108
0.050320
-0.132229
0.296123
-0.065841
-0.141207
-0.016719
-0.009166
-0.110835
-0.066160
-0.125984
0.016507
-0.100855
-0.059940
-0.018265
-0.185024
-0.098763
-0.004716
-0.156161
-0.404617
-0.159953
-0.009960
0.059637
-0.043565
-0.043028
-0.037169
-0.174605
-0.071342
-0.311501
0.021155
0.262958
-0.040246
-0.034791
0.006209
0.019775
-0.053129
0.038533
-0.209601
-0.141392
-0.034791
-0.038995
-0.052333
-0.314674
-0.145952
0.095570
-0.080611
-0.385264
0.016072
-0.140141
-0.591565
0.384698
-0.194236
0.137798
0.010523
-0.043443
0.060961
-0.251693
-0.330669
-0.231203
-0.140210
0.133227
-0.040847
-0.546422
-0.336627
-0.075302
0.252635
0.031345
-0.283880
-0.142577
-0.205044
0.151040
-0.211641
-0.316269
-0.081804
-0.710253
-0.082011
-0.279392
0.017115
0.021902
0.355646
-0.093927
-0.186948
-0.039526
-0.353099
-0.284596
-0.190889
-0.288450
-0.258565
-0.156174
-0.114730
-0.056994
-0.248396
0.031219
-0.476640
-0.184888
0.224308
-0.302679
-0.021175
0.084220
-0.094330
-0.507631
-0.254272
-0.152213
0.116130
-0.109903
-0.108127
0.051233
-0.181922
0.080444
0.163737
-0.010838
-0.189480
-0.150749
0.071335
0.017307
0.091331
-0.002154
-0.097977
0.159292
-0.277709
-0.344465
-0.233026
-0.318141
0.027164
-0.522134
-0.224135
0.009590
0.036552
-0.319775
-0.077557
-0.102884
0.154792
0.340721
-0.005578
0.028881
0.090374
-0.014543
0.112152
0.016692
-0.426181
-0.449977
-0.017942
-0.565763
0.133398
-0.005848
-0.182482
-0.171342
-0.131144
-0.034791
-0.040102
-0.008989
-0.113054
0.059847
0.056000
-0.040685
-0.066793
-0.013142
-0.107483
-0.082399
0.042281
-0.189431
0.129625
0.152165
-0.202717
-0.310626
0.159120
0.306153
-0.070602
-0.003429
0.056351
0.025125
0.003055
-0.032619
-0.000974
0.066804
0.071459
0.115196
-0.174617
-0.253187
-0.102343
-0.155925
-0.167319
-0.142157
-0.109904
-0.482397
-0.109723
0.215091
-0.083924
-0.287923
-0.124978
0.205027
-0.092556
-0.113743
0.083643
-0.155626
-0.088772
-0.191268
0.020994
-0.021655
-0.314674
-0.230496
0.094348
-0.385264
-0.096757
-0.327653
-0.057207
-0.052730
0.196944
-0.160836
0.101851
-0.156463
0.033946
-0.095443
0.222251
-0.075002
-0.326434
-0.198265
0.042878
0.012893
0.128250
-0.150323
-0.089501
-0.154156
0.032934
-0.090377
-0.056198
-0.074958
-0.070620
-0.072295
-0.078379
-0.098429
-0.472869
0.023348
0.029825
-0.097970
-0.038676
0.176872
-0.089845
-0.039200
0.025721
-0.105821
-0.117206
-0.053729
0.225522
0.030033
-0.162975
0.211041
-0.197351
-0.223208
0.026033
-0.326512
-0.062502
-0.434338
-0.070328
-0.127434
-0.229230
-0.302229
0.069940
-0.258020
-0.017885
-0.263297
-0.378037
-0.086905
-0.119193
-0.056198
-0.021262
