-0.060234
-0.010620
-0.024430
-0.415108
-0.160043
-0.023974
-0.415432
-0.412613
-0.328169
-0.329487
0.109301
0.109301
0.109301
-0.088119
-0.807191
-0.048267
-0.394165
0.206722
0.277518
0.003928
-0.019841
-0.088482
-0.069346
-0.149915
-0.306272
0.156904
-0.385060
0.034639
-0.047413
-0.007427
-0.058015
-0.513410
-0.425560
-0.500139
-0.348685
-0.358671
-0.111405
-0.166724
0.476304
-0.141178
0.160236
-0.239584
0.305721
-0.438655
-0.274886
-0.391111
-0.150836
-0.027278
0.738608
0.840260
-0.026561
0.259310
0.174829
-0.230196
0.586855
-0.140407
-2.540823
-0.152003
-0.131451
-0.168891
-0.004640
0.000273
-0.007070
-0.057486
-0.115375
0.097656
-0.029755
0.134974
-0.242447
-0.362547
0.584895
-0.059637
0.097468
-0.189623
-0.177638
-0.000050
0.135505
-0.374280
-0.807926
0.050377
-0.280112
0.066153
-0.510581
-0.243619
-0.300504
0.076739
0.121288
-0.063792
-0.329471
0.641480
0.096168
-0.194238
0.631003
0.198530
-0.016723
0.067248
-0.088119
-0.447667
-0.197079
-0.012097
-0.298493
-0.142184
-0.051584
-0.349955
-0.030966
-0.048409
-0.497109
-0.131478
-0.049012
-0.174434
-0.249939
-0.142981
0.016714
-0.332237
-0.029755
0.029835
-0.088532
-0.120010
0.202158
-0.210176
0.364474
-0.015854
-0.007644
0.004314
-0.414816
-0.368395
0.046915
-0.320406
-1.589944
-2.038967
-0.294899
-0.065904
-0.272434
-0.272434
-0.150247
0.021489
-0.100061
-0.018633
-0.059756
0.058104
0.120342
-0.161103
-0.225777
-0.238179
-0.177990
-0.321147
-0.058776
-0.591229
-0.414767
0.158341
-0.020886
-0.480934
-0.024846
-0.326139
0.090295
-0.977987
-0.263346
0.375624
0.277278
-0.410335
-0.262753
0.150099
0.100157
0.016550
0.009287
-0.913243
-0.201058
-0.076293
0.186442
0.032504
-0.320115
-0.003140
-0.175837
-0.335439
-0.209924
-0.372229
0.518396
0.254773
-0.228003
-0.107386
-0.226039
0.226479
0.311777
0.172012
0.180560
-0.232587
0.014609
-0.054042
-0.036133
0.370089
-0.683039
-0.079688
0.039679
-0.068434
0.051176
0.023402
0.239526
-0.209465
-0.015877
-0.087361
-0.067367
-0.319829
-0.670954
0.247720
0.196690
-0.078064
-0.025504
-0.241989
-0.058557
-0.140984
-0.261746
-0.282919
-0.215312
-0.227838
-0.286490
-0.080405
0.142085
0.205564
-0.175837
-0.069733
-0.166488
-0.373890
0.117644
-0.131048
0.239283
-0.014384
-0.044957
-0.117706
-0.154544
-0.099527
-0.088119
-0.285597
0.250257
-0.148630
0.015705
0.024861
-0.009684
-0.093541
-0.066468
0.394882
0.006478
0.173998
0.524418
0.133938
0.760390
-0.450256
-0.470755
-0.210365
0.732248
-0.005702
0.080543
0.105228
0.121776
0.186256
-0.816661
-0.129089
0.098332
-0.148480
-0.670299
-0.517932
-0.029755
-0.133581
-0.125764
0.042199
-0.029755
-0.005726
-0.099455
-0.007744
-0.040123
-0.032915
0.051561
0.018073
-0.040123
0.099958
-0.353036
-0.112401
-0.414767
-0.413166
-0.327144
-0.125778
-0.194707
-0.480934
0.033316
-0.080957
0.031205
-0.144631
-0.035213
-0.709456
0.476198
-0.218844
0.078166
0.253620
-0.056090
-0.050105
-0.088242
-0.090202
-0.100894
-0.078421
-0.241736
0.097985
0.205082
-0.029755
0.053018
0.045646
0.214427
0.121815
-0.133256
-0.133267
-0.237295
-0.082594
-0.253159
-0.613011
-0.335512
0.035940
0.084787
-0.113990
-0.476167
0.052085
0.064114
0.085383
-0.029311
0.392628
-0.029755
-0.867637
0.077583
0.188867
0.208601
-0.601189
0.062282
0.009805
-0.437677
-0.123108
0.143507
0.994162
-0.748931
-0.064154
0.086740
-0.048564
-0.096221
-0.368602
-0.450444
-0.117513
-0.414767
0.332966
-0.130590
0.240182
0.132263
-0.255855
-0.480934
-0.234952
-0.645325
0.141829
0.379475
0.525032
-0.035232
0.065920
0.013674
-0.017663
-0.182209
0.187348
-0.033544
0.132907
-0.520838
-0.235295
-0.008332
-0.124371
0.037751
-0.061579
-0.851115
-0.104350
0.198888
0.067102
-0.050200
-0.501779
-0.092420
-0.340156
0.026286
-0.032184
0.223200
-0.345911
0.263520
0.008898
-0.241534
-0.346526
0.133306
-0.414767
-0.056269
-0.309924
0.619139
0.036341
-0.336197
0.303290
-0.604294
-0.103487
0.602678
-0.418716
0.087604
-0.250889
-0.234080
-0.030223
-0.381321
0.053931
-0.173111
-0.115136
0.080235
0.103536
-0.122074
-0.394600
0.263184
0.058776
-0.370341
0.017037
-0.128204
-0.019143
-0.158838
-0.024891
-0.155418
-0.342030
-0.051358
-0.075013
-0.320444
0.130234
-0.664439
0.136283
-0.255442
0.290152
0.191865
0.421758
0.131268
0.231824
-0.021302
0.248489
-0.034676
-0.042385
0.007424
0.064228
-0.239385
-0.227323
-0.047543
-0.508457
-0.058555
-0.167264
-0.318853
0.027093
0.115467
-0.009380
-0.012298
-0.365362
-0.502655
0.044231
-0.208379
0.106614
-0.273582
-0.100180
0.096557
-0.303670
0.239751
-0.019187
-0.173565
-0.066969
-0.021818
-0.099455
-0.070176
-0.223618
0.064782
-0.208585
-0.090342
-0.014406
-0.296997
-0.040404
-0.001799
-0.174648
-0.518687
-0.181463
0.016294
0.084869
-0.015916
-0.052584
-0.013174
-0.211054
-0.082018
-0.363403
0.040834
0.325664
-0.043011
-0.029755
0.026161
0.061572
-0.052316
0.046976
-0.257490
-0.100066
-0.029755
-0.001063
-0.033448
-0.414767
-0.198069
0.148562
-0.088087
-0.480934
0.045653
-0.198956
-0.702071
0.225822
-0.560848
0.161144
0.026110
-0.041772
-0.101952
-0.287834
-0.420395
-0.189546
-0.206209
0.145492
-0.035985
-0.517455
-0.420777
-0.298111
0.321088
0.033681
-0.384861
-0.184632
-0.226075
0.186366
-0.312543
-0.385531
-0.219264
-0.813049
-0.067545
-0.365405
-0.004934
0.076831
0.452103
-0.126107
-0.239379
-0.223168
-0.361463
-0.319104
-0.241854
-0.390539
-0.366982
-0.272044
-0.136507
-0.029755
-0.338622
0.066214
-0.664563
-0.211500
0.334271
-0.396778
-0.006630
0.109381
-0.117455
-0.635148
-0.299227
-0.233445
0.142112
-0.182788
-0.193186
0.025282
-0.176335
0.097052
0.162672
-0.116766
-0.245060
-0.192999
0.083812
0.041582
0.078163
0.023102
-0.101118
0.200824
-0.303365
-0.419642
-0.368621
-0.311423
-0.108982
-0.655821
-0.322919
0.032589
-0.003032
-0.546998
-0.032345
-0.199376
0.238203
0.396383
-0.032309
0.051176
0.123621
-0.152331
0.182718
-0.019865
-0.495719
-0.534180
-0.050594
-0.429818
0.217626
0.017359
-0.190428
-0.193788
-0.093803
-0.029755
-0.025786
0.005577
-0.172202
0.049001
0.103821
-0.079639
-0.100040
-0.014590
-0.087996
-0.139637
0.121163
-0.207279
0.204860
0.176657
-0.151040
-0.363458
0.219326
0.157928
-0.070288
-0.031350
0.069836
-0.007789
-0.083576
-0.079230
0.023932
0.084364
0.117204
0.102437
-0.321668
-0.341059
-0.125316
-0.186189
-0.163107
-0.117164
-0.116873
-0.593334
-0.132753
0.222724
-0.029003
-0.121161
-0.269715
0.131713
-0.107848
-0.123422
0.118332
-0.157689
-0.082251
-0.231382
-0.038693
-0.046258
-0.414767
-0.350303
0.126973
-0.480934
-0.171794
-0.377504
0.063485
0.005040
0.209253
-0.216241
0.191232
-0.105767
0.103661
-0.166153
0.252402
-0.175465
-0.397330
-0.277322
0.112757
-0.011099
0.183529
-0.277772
-0.170286
-0.236836
0.061054
-0.105463
-0.107581
-0.069184
-0.092835
-0.056247
-0.088087
-0.115725
-0.650043
0.035291
-0.009320
-0.120570
-0.008457
-0.025229
-0.141594
-0.052991
-0.057230
-0.084435
-0.115019
-0.088186
0.176930
0.059575
-0.199200
0.280084
-0.247793
-0.265878
0.006904
-0.454874
-0.085289
-0.461301
-0.116990
-0.216470
-0.249592
-0.381812
0.074900
-0.368861
-0.018771
-0.357452
-0.091622
-0.093541
-0.094730
-0.107581
-0.043567
