0.056670
-0.012509
-0.026737
-0.383819
-0.148991
0.016375
-0.436686
-0.357663
-0.322278
-0.321919
0.175205
0.175205
0.175205
-0.086151
-0.778289
-0.047459
-0.378497
0.197536
0.251395
-0.000639
-0.020526
-0.083280
-0.034743
-0.144268
-0.268636
0.142990
-0.343543
0.030682
-0.048881
-0.012095
-0.060443
-0.419421
-0.410302
-0.482688
-0.325931
-0.317687
-0.129830
-0.167004
0.459069
-0.132094
0.139000
-0.306853
0.291552
-0.417045
-0.302158
-0.369965
-0.138344
-0.034073
0.647455
0.884581
-0.024586
0.247111
0.176284
-0.252071
0.546957
-0.128763
-2.277123
-0.146827
-0.276780
-0.163146
0.054685
-0.002314
-0.009736
-0.052182
-0.111891
0.092838
-0.030154
0.118550
-0.230236
-0.300244
0.560745
-0.068999
0.088284
-0.177585
-0.117957
-0.003167
0.126101
-0.303431
-0.726512
0.049473
-0.273704
0.064860
-0.486628
-0.282945
-0.320277
0.118380
0.111515
-0.018823
-0.391566
0.604389
0.086174
-0.187964
0.529927
0.186931
-0.018997
0.067122
-0.086151
-0.424208
-0.193649
-0.012057
-0.289551
-0.135616
-0.054556
-0.331102
-0.031062
-0.047776
-0.477648
-0.136236
-0.049136
-0.169195
-0.209365
-0.132393
0.017993
-0.317757
-0.030154
0.115443
-0.041451
-0.121577
0.144739
-0.165313
0.292664
-0.002685
-0.013375
0.010629
-0.419748
-0.350756
0.044241
-0.264286
-1.459749
-1.928274
-0.309837
-0.065732
-0.263675
-0.263675
-0.142421
0.012065
-0.104330
-0.020820
-0.057568
0.047264
0.111317
-0.147013
-0.214843
-0.214025
-0.168025
-0.339186
-0.045063
-0.539521
-0.397985
0.155711
-0.018277
-0.463332
-0.026031
-0.295042
0.081590
-0.900520
-0.216735
0.388509
0.321827
-0.338937
-0.278572
0.167617
0.052460
0.034238
0.008526
-0.870908
-0.193650
-0.036380
0.226647
0.040904
-0.174801
0.006779
-0.168396
-0.320837
-0.200975
-0.355798
0.538475
0.236603
-0.217577
-0.116934
-0.246345
0.213419
0.259036
0.177758
0.109573
-0.226215
0.013407
-0.055409
-0.037326
0.345379
-0.661569
-0.072647
0.036592
-0.068134
0.051281
0.019217
0.221975
-0.213484
-0.039559
-0.084893
-0.067140
-0.308293
-0.617064
0.272785
0.183592
-0.052957
-0.027502
-0.255694
-0.057988
-0.135908
-0.234972
-0.278739
-0.182660
-0.217287
-0.301103
-0.073532
0.165273
0.202702
-0.168396
-0.073298
-0.114805
-0.394351
0.110445
-0.130192
0.233086
0.072967
-0.047166
-0.115141
-0.147897
-0.092029
-0.086151
-0.311157
0.232681
-0.091971
0.011688
0.019077
0.014346
-0.090915
-0.062276
0.373385
0.003658
0.203859
0.456879
0.197907
0.679120
-0.407549
-0.405375
-0.166872
0.624262
-0.011650
0.068499
0.145678
0.123433
0.174702
-0.764998
-0.128303
0.082935
-0.140991
-0.594770
-0.416739
-0.030154
-0.211930
-0.126975
0.035453
-0.030154
-0.007235
-0.101159
-0.009365
-0.039336
-0.031882
0.044972
0.014022
-0.039336
0.045901
-0.299361
-0.105587
-0.397985
-0.412498
-0.228860
-0.114691
-0.150683
-0.463332
-0.000333
-0.077620
0.056887
-0.137307
-0.012304
-0.695539
0.470384
-0.211703
0.073033
0.341584
-0.091125
-0.050272
-0.084536
-0.085491
-0.095300
-0.066818
-0.229337
0.166553
0.193358
-0.030154
0.079524
0.078571
0.197170
0.112152
-0.085945
-0.144353
-0.229743
-0.082696
-0.231008
-0.592202
-0.319090
0.033006
0.077953
-0.077906
-0.446951
0.048936
0.058163
0.078724
-0.061333
0.393060
-0.030154
-0.818508
0.079454
0.176813
0.195008
-0.570551
0.055254
-0.000403
-0.404394
-0.126997
0.179300
0.849011
-0.723729
-0.060574
0.100596
-0.046419
-0.108005
-0.356008
-0.479040
-0.079811
-0.397985
0.314264
-0.116624
0.251700
0.133304
-0.237401
-0.463332
-0.229908
-0.606480
0.179489
0.318282
0.483734
-0.109961
-0.026229
0.011397
-0.024146
-0.100937
0.175696
-0.035149
0.124466
-0.501880
-0.225693
-0.012313
-0.057029
0.033261
-0.031139
-0.802302
-0.099025
0.192694
0.075254
-0.038181
-0.500025
-0.112162
-0.303960
0.023435
-0.034418
0.211250
-0.310280
0.268349
0.007392
-0.392949
-0.332041
0.124950
-0.397985
-0.051368
-0.286144
0.579724
0.032466
-0.326276
0.307632
-0.574185
-0.101388
0.741629
-0.381673
0.114089
-0.259069
-0.209062
-0.033406
-0.361946
0.039018
-0.166107
-0.093481
0.123516
0.113309
-0.124372
-0.332101
0.260801
0.053828
-0.352247
0.016332
-0.168191
-0.031539
-0.157825
-0.054876
-0.117829
-0.327348
-0.052256
-0.075218
-0.314570
0.122132
-0.654763
0.126473
-0.270654
0.269060
0.203584
0.411318
0.118666
0.219648
0.000377
0.200813
-0.078538
-0.046791
0.006255
0.058142
-0.229605
-0.206299
-0.046115
-0.486876
-0.048167
-0.123595
-0.305157
0.023098
0.094399
-0.011158
-0.014662
-0.356931
-0.480561
0.053319
-0.201253
0.098516
-0.229217
-0.065104
0.088280
-0.281324
0.228637
-0.015661
-0.165748
-0.032590
-0.023196
-0.101159
-0.067957
-0.179644
0.086834
-0.168473
-0.083775
-0.017869
-0.278207
-0.092156
-0.002120
-0.174250
-0.483628
-0.173772
-0.011882
0.081488
-0.043392
-0.051494
-0.019487
-0.205922
-0.058256
-0.351256
0.059348
0.314443
-0.067464
-0.030154
0.006567
0.038130
-0.052294
0.043219
-0.244134
-0.138304
-0.030154
-0.003770
-0.033574
-0.397985
-0.185533
0.136403
-0.085564
-0.463332
0.042444
-0.184792
-0.683809
0.319238
-0.410803
0.152704
0.022585
-0.042004
-0.107737
-0.273592
-0.405055
-0.156684
-0.192384
0.114501
-0.035232
-0.555801
-0.401212
-0.289170
0.318537
0.029136
-0.349120
-0.179492
-0.216214
0.176005
-0.295507
-0.375739
-0.115235
-0.767505
-0.026156
-0.351257
-0.002677
0.066762
0.430210
-0.118402
-0.213279
-0.232980
-0.375519
-0.328100
-0.227725
-0.398496
-0.348660
-0.232531
-0.130817
-0.059285
-0.325105
0.015468
-0.617584
-0.209037
0.314590
-0.372126
-0.012823
0.103299
-0.103016
-0.581705
-0.291166
-0.204302
0.134215
-0.162445
-0.166837
0.022640
-0.174968
0.109242
0.166953
-0.119784
-0.234096
-0.181877
0.078208
0.037362
0.111871
0.019703
-0.102228
0.191999
-0.327832
-0.420649
-0.282222
-0.358766
-0.046708
-0.620832
-0.302704
0.028354
0.015568
-0.506691
-0.038409
-0.157494
0.262063
0.385132
-0.027456
0.045403
0.109013
-0.148838
0.169103
-0.016346
-0.540454
-0.510922
-0.005407
-0.486178
0.203821
-0.076728
-0.184145
-0.189073
-0.054286
-0.030154
-0.026361
0.002584
-0.134717
0.056685
0.015135
-0.069435
-0.095211
0.006324
-0.090980
-0.110852
0.104030
-0.202405
0.172290
0.227597
-0.236091
-0.358206
0.207076
0.219631
-0.065648
-0.029608
0.071007
-0.010766
-0.057515
-0.053938
0.015494
0.103316
0.108945
0.096812
-0.308540
-0.321986
-0.123325
-0.180303
-0.157524
-0.155409
-0.112782
-0.589089
-0.126108
0.210761
-0.074560
-0.260968
-0.249742
0.143296
-0.105087
-0.121483
0.110529
-0.176077
-0.089193
-0.210593
-0.075396
-0.043086
-0.397985
-0.329088
0.117580
-0.463332
-0.156371
-0.360877
-0.025328
-0.055889
0.238391
-0.168648
0.132331
-0.095847
0.047987
-0.163665
0.233068
-0.170437
-0.418388
-0.241103
0.102764
-0.015147
0.203927
-0.270187
-0.162930
-0.222144
0.055792
-0.102096
-0.103091
-0.096960
-0.101325
-0.056151
-0.085564
-0.109553
-0.624020
0.031777
0.016097
-0.113134
-0.009784
0.095618
-0.135041
-0.048795
-0.028338
-0.081908
-0.115805
-0.082432
0.227159
0.059003
-0.191058
0.264839
-0.234161
-0.221803
0.003094
-0.426382
-0.051945
-0.491971
-0.087986
-0.190671
-0.254040
-0.351855
0.070322
-0.350478
-0.022874
-0.326974
-0.096663
-0.090915
-0.150823
-0.103091
-0.043011
